A = [1, 2, 3; 4, 5, 6]
B = [100, 200, 300; 400, 500, 600]

sum_AB = A + B

% matrix addition is commutative
sum_BA = A + B

product_3A = 3 * A

quotient_100B = B / 100

EY = [1, 2, 3, 4, 5; 6, 7, 8, 9, 10; 11, 12, 13, 14, 15; 16, 17, 18, 19, 20]
x = [1; 2; 3; 4; 5]

prod_EYx = EY * x

HS = [1, 2104; 1, 1416; 1, 1532; 1, 852]
Hx = [-40; 0.25]

prod_HsHx = HS * Hx